intro: 36, 42, 38, 42, 36, 38
intro: 42, 36, 51, 38, 36, 42
intro: 36, 38, 42, 36, 49, 38
intro: 42, 38, 36, 51, 42, 36
intro: 38, 49, 42, 38, 36, 42
intro: 36, 38, 51, 36, 42, 38
intro_roll: 36, 38, 38, 42, 36, 38
intro_roll: 42, 36, 42, 38, 36, 42
intro_roll: 36, 42, 38, 36, 38, 42
intro_roll: 49, 36, 38, 42, 38, 42
verse: 38, 36, 51, 42, 36, 42
verse: 36, 42, 38, 36, 51, 38
verse: 49, 42, 36, 38, 36, 42
verse: 42, 38, 49, 36, 42, 38
verse: 36, 42, 51, 38, 36, 42
verse: 42, 38, 36, 42, 51, 36
verse_roll: 36, 42, 38, 36, 42, 38
verse_roll: 42, 38, 36, 42, 38, 42
verse_roll: 49, 36, 42, 38, 36, 42
chorus: 36, 42, 38, 49, 42, 36
chorus: 38, 36, 42, 38, 51, 42
chorus: 42, 36, 38, 42, 49, 36
chorus: 36, 42, 38, 42, 36, 51
chorus: 42, 38, 36, 38, 42, 36
chorus_roll: 38, 36, 42, 42, 38, 36
chorus_roll: 42, 38, 42, 36, 38, 42
chorus_roll: 36, 42, 38, 36, 42, 38
bridge: 36, 42, 38, 42, 36, 38
bridge: 49, 38, 42, 36, 42, 38
bridge: 36, 42, 38, 51, 36, 42
bridge: 42, 38, 49, 36, 42, 38
bridge: 36, 51, 38, 42, 36, 38
bridge_roll: 42, 38, 36, 42, 38, 42
bridge_roll: 38, 42, 36, 42, 38, 36
bridge_roll: 49, 36, 42, 38, 36, 42
outro: 36, 42, 38, 49, 42, 36
outro: 38, 36, 42, 38, 51, 42
outro: 42, 36, 38, 42, 49, 36
outro: 36, 42, 38, 42, 36, 51
outro: 42, 38, 36, 38, 42, 36
outro_roll: 38, 36, 42, 42, 38, 36
outro_roll: 42, 38, 42, 36, 38, 42
outro_roll: 36, 42, 38, 36, 42, 38
